0.9919197245319431
0.014085216461705574
0.5462743505375164
0.732984451515428
0.7949010710797086
0.37721846544824567
0.6198457401566427
0.2921893779956959
0.21374111325954115
0.022843829994954046
0.8902585355779205
0.002329340338344199
0.529850585060366
0.3968183502867024
0.4684999108636232
0.5215450205589518
0.9854764086152473
0.40959508545790024
0.021213967818996315
0.6110081788213517
0.21604559053715522
0.7847580560246004
0.526516574579143
0.4244435856816954
0.7126039852241599
0.3370489128074541
0.8750710679857583
0.050433110525483715
0.3535500645339329
0.9337303856434476
0.732435371470325
0.27170817453632046
0.1914410338040481
0.4083918388627079
0.43709395117857974
0.6111182463695907
0.2685710642742207
0.2159359470901765
0.8075049778920048
0.004947125813520081
0.6506388134410103
0.9267111281405935
0.45811353063057236
0.0017539846990815011
0.7572285760062918
0.5909847282753542
0.14674238223559966
0.27208725193928285
0.35174417710322337
0.40007001708606393
0.3128488332685351
0.5941932124642588
0.026894365030323053
0.9217589863442526
0.7039598403500307
0.9255803914285079
0.005544078558521459
0.9050123719094231
0.5220587419244356
0.3403748061153328
0.236305913343543
0.5485328848527778
0.12423102196783564
0.5077995717685232
0.9868133985232128
0.6584304041309664
0.7216887595494076
0.7248365047852084
0.6748156942063046
0.1757424056920167
0.4661023996099374
0.6040067489718688
0.10637069572445179
0.26572286410812285
0.6911636971101163
0.9508263824164812
0.5840683288319448
0.5797590855398088
0.6960809786104892
0.42272477210085857
0.7063727206011142
0.38617062039547334
0.10862817993908225
0.683892511663307
0.8284851991930523
0.3245162121308246
0.7781689812813287
0.7887473883429859
0.4778821709189215
0.8125377593764914
0.1934385544590952
0.1833730482120448
0.3847805997293571
0.6478813282103083
0.15458367963333408
0.8493241473501407
0.05165154941979111
0.20004920415404337
0.9706105599880986
0.7389747883099728
0.9007555695233761
0.3264881607257091
0.12959384588570166
0.5816211668172312
0.09490791291455736
0.43335690374006697
0.9729821046592343
0.6512472827324044
0.9268629019718045
0.32563763891066877
0.965895171015088
0.48211502200931755
0.2337463430366803
0.5451117126254293
0.633589042713413
6.408709202510021e-05
0.5236975713395129
0.3985627642548807
0.8246429268831258
0.6274161292172141
0.48889561254721114
0.7746389182170059
0.6371016469594161
0.9470453896320178
0.4206624922021692
0.5388933252135323
0.6462927031743028
0.28639390272082543
0.3771354927015331
0.2848369940541826
0.8241099933317302
0.04475624058983385
0.5894923010627385
0.5007927870221232
0.05594500277058756
0.33647968667556605
0.6269280899757589
0.7770548468370504
0.4824804960212359
0.8235484549962606
0.11306257880349313
0.42579518982977627
0.35641601762285624
0.7337745433539921
0.9325192929099381
0.5808361260512289
0.5531078134139986
0.6898428301895453
0.7967905710340148
0.059272783953739694
0.26983053009566316
0.307408993472719
0.1925480251970877
0.8980340468710704
0.4466684725833857
0.49069542763481866
0.034147450935551604
0.3744029215527571
0.4941685997549423
0.9566142335479334
0.11575940081445124
0.09052923818222247
0.9900542885316352
0.9620930076823782
0.21641325536979505
0.34177586308658214
0.03129230352553103
0.6392878821560524
0.10941361553833084
0.33538390765334214
0.8082947686426192
0.3667693478154156
0.07956053155409804
0.9272823329264426
0.061017101478769376
0.5313827787941154
0.7436636923642614
0.15300483821862076
0.9007631393749899
0.025016097350540556
0.004260060242940011
0.0921424251123818
0.9827826597030062
0.48187172871740036
0.49450582142274524
0.10914425756111035
0.39152458586513195
0.38403594268591623
0.8295879696597811
0.7547164045070057
0.5283050708342342
0.628385843361432
0.6559993189850417
0.22298293313154482
0.6386222262252617
0.6514974984905559
0.3245866503592306
0.03974172201366466
0.4868545115332228
0.4024500173863357
0.15614141491763667
0.19158997937134092
0.29777570950531573
0.5854287820009505
0.5108091322679187
0.7795110112689784
0.25922890235910456
0.8363903472381626
0.786897223823229
0.9439265642171328
0.9932039744408648
0.2732100045351086
0.7044166308846878
0.06982675309916986
0.8754707177385748
0.6198146061535391
0.3573944265168524
0.19585086657614525
0.04880208732245617
0.7639762546838363
0.17923817765181305
0.20862772982835476
0.3751963333018957
0.7927835860377241
0.5682244171476765
0.8591205312311174
0.42243180206973585
0.7144776831124392
0.28956153517685657
0.5818149371478365
0.21282409830084037
0.5888923972615631
0.9568575781114225
0.9554018657847813
0.08665312922681179
0.742245381162161
0.13448251541980039
0.45549129258135257
0.09330510523181978
0.49061326855912446
0.9044674867097231
0.7993892169801124
0.7060159904606852
0.9546853266979913
0.009829915153398705
0.26893806861043956
0.4664980060885551
0.008103901617490972
0.46359751138806105
0.9171882162837809
0.43671078592363377
0.8815083825134309
0.6524149047318176
0.3374183510810935
0.5553067156038901
0.6563267589290521
0.15873341785163886
0.576317155507724
0.3036555311613407
0.19016951586081376
0.5283804476839824
0.6742580485024918
0.6461808007393277
0.28848097491172375
0.8257871862520164
0.021211348595336244
0.6941818921128233
0.7665554160967377
0.41882200057421637
0.5552150443447409
0.5786662924017304
0.5421968069161901
0.18251127158233504
0.4111701319405312
0.15090861084863483
0.5982023748027324
0.5637036889807747
0.7207907045721126
0.9027097526976656
0.8789085639076814
0.6603468175929338
0.27477085728063066
0.27211852448422
0.9962108638203876
0.10584847035875689
0.975137681905126
0.2701350875319548
0.8066304100303104
0.8701023335305195
0.6191576284219069
0.5947925199180776
0.9788134152911137
0.93436721036305
0.5417282774732088
0.17283287237408973
0.815221343108949
0.13323394107916164
0.24450324963656989
0.6466457096179672
0.6720316920061207
0.9861545269732788
0.01964371775179441
0.4024856502908807
0.7999565600970642
0.4254720196766799
0.49868927655539996
0.21552583525669855
0.8056370859469619
0.3891997141661975
0.1492892213728837
0.25723822870742796
0.1358182245619901
0.021685402259938202
0.0768200173453738
0.6171856720400618
0.6651674135411332
0.6734761804978444
0.20871376047870738
0.995988676592076
0.47361149250756973
0.8937516075979777
0.19711198158355336
0.8791474028010772
0.16508500511102497
0.6761873093154418
0.9109079102193156
0.8284806478263926
0.3175605367662969
0.8314793228442867
0.4714057754554071
0.05632249249394061
0.6102304652857943
0.7829545565780907
0.5898032719951313
0.9424393847175886
0.7804789690706971
0.7728684404888846
0.3700712299134302
0.7370120918229865
0.7456407174087394
0.5535490017689209
0.2649869383876443
0.16270391253581296
0.0375002045859576
0.5699993245463368
0.7509871328029266
0.3425645338662364
0.9399678155968147
0.7862106361248397
0.6206597918122876
0.08165129079237354
0.42172462550454815
0.46279433045300566
0.18599621610763284
0.10685126186769811
0.3426949892224356
0.6937743724277415
0.9621415047913425
0.43972010820339447
0.795783489458856
0.6525571899514182
0.0885887630583051
0.3542752606355327
0.2726663771856648
0.8657672142219167
0.3041412537461088
0.5459561361977678
0.6045116483182845
0.41160130360003555
0.9688385598807757
0.39266296030108505
0.24830295864250795
0.9473681698370648
0.09799625865778805
0.06707486187086076
0.5477759601407057
0.7307983791904511
0.039168545508854624
0.49091526368776117
0.7486256325362052
0.8488727458342035
0.21040691472720785
0.6121981488656697
0.5871793217232849
0.8422592846877278
0.9990378560819643
0.3838639188752907
0.15898764774183982
0.438224131212418
0.5583719547794432
0.9280983955767143
0.5123049366283752
0.02475695732978278
0.25319316330593966
0.6439136197954223
0.24312706024116848
0.9929074776096228
0.2609926990603626
0.8755985774269515
0.3797674334544463
0.8889624540161144
0.24546246375092007
0.9265197909751126
0.4541685881359002
0.006611934133414432
0.4180471424569757
0.09180451775102438
0.4765687819368042
0.19388666454249037
0.49721947869036165
0.1176887346338793
0.6478750216620102
0.9200364397727564
0.3290530434253053
0.24495973582420227
0.8480740285065616
0.6150139481634026
0.9824454959689378
0.9895914258019393
0.11770144333295485
0.8962095571777187
0.7795281513227807
0.88569868691337
0.9967059240039119
0.03159887314756182
0.7105671806009786
0.4211638625675964
0.15761964424021535
0.1166903177317381
0.7887045634637568
0.12748365454284982
0.6445606903186869
0.8357196324232598
0.0802080174419324
0.6594185914522623
0.3675190200842996
0.8825618599126853
0.7775091689472504
0.11996652660629181
0.6156449134170738
0.5692190107232993
0.9454626072244774
0.551354010565072
0.8114961070081499
0.3885527376686556
0.48540998178150463
0.8904265575761123
0.7229035042786369
0.8254320124193634
0.5144144676696698
0.6188091576885656
0.2655936581487386
0.48425944912595476
0.1084007328951917
0.4641617914668812
0.9726463512068819
0.4046525192968953
0.4762468784073909
0.39575730331629777
0.8178847216629525
0.9893757364390493
0.5863783779917571
0.30288624585527857
0.2239292765899693
0.40292020286724195
0.7066120520272218
0.6718107783687287
0.202125835223661
0.9474046684169927
0.5823046826363777
0.2738953416312955
0.14071118853578457
0.4254145551388674
0.5108263607938128
0.5084465551430539
0.5549957453086246
0.3821680161477081
0.7154286557992976
0.27544652691950877
0.18734892185664254
0.03648953551679179
0.9453951568699167
0.05801060972565775
0.8465904991748947
0.9342454845479778
0.04615611403496678
0.2913766497840061
0.7216375405349602
0.9196697373852663
0.027371029050935136
0.919677896493791
0.13213527561578853
0.8271161107968015
0.38706786651126857
0.19255616220959437
0.9215568930887202
0.4434713323139221
0.6277961957458079
0.16004318163932718
0.5678663923356786
0.3854182309728308
0.5968630521121604
0.8942698446087691
0.19911578544672248
0.6552551842347597
0.8075362760644849
0.7030178256430427
0.32951236225706726
0.7202190438380706
0.8235394539416167
0.18047996573928293
0.46477865060296897
0.6781749277359221
0.4013016526304951
0.785137206900462
0.0871613014677659
0.9491186908735453
0.6244695999009235
0.8733828105757702
0.621152974283142
0.004539398839875752
0.4469184534092504
0.9980887860336383
0.8589051455131193
0.7001136937342262
0.6786348030782969
0.07027289180395568
0.40631542928851083
0.6087180155440028
0.5455920037082364
0.883262870635758
0.6261410256841319
0.5569419506996767
0.26007139861621276
0.023574998017397375
0.6025996825395522
0.0029306127272956672
0.20112596867582488
0.819392927243919
0.6724480884812364
0.9918213649546822
0.04665538419959103
0.5253566949601464
0.20083928716884747
0.6848621299159795
0.8489673825751691
0.895289337476387
0.16578933691371645
0.8064511883683398
0.5385042323100849
0.22875332748687405
0.5260961382396098
0.27370158738866923
0.07990478819711855
0.15342669837320944
0.6849807706652827
0.8932606211033032
0.8107973946681337
0.5934172176882092
0.1537030689614839
0.9013280984385639
0.48029368001440953
0.869172861069376
0.6951622222127468
0.44105948787918836
0.2920687696323201
0.26774560660842317
0.8544683152649907
0.22198558250133982
0.25915037129026197
0.6669818319235624
0.9098461678039672
0.13398022370603835
0.22314629314610956
0.1932881176686917
0.3012993879317213
0.19412079399334814
0.7424735228111486
0.4113411876735601
0.39928361777034604
0.4369952335193211
0.1351246283393699
0.09381889094033502
0.09241685094999452
0.3158915811654447
0.5584856376079306
0.5145806888823141
0.534129450957149
0.6367968580511397
0.48007819367733706
0.8658362342210549
0.1675549471281308
0.9177913017623692
0.46333099960548274
0.13870537971193664
0.10556675443222252
0.07685930972784727
0.2878445110100014
0.7780220376408563
0.5493762137355702
0.35292291347427385
0.08740817761004793
0.37702255611236724
0.14754614824389511
0.44528228772162304
0.3289828357099007
0.8620673361346115
0.8439876633823037
0.17546357715217797
0.9277634849092239
0.4374334714255995
0.12369329938881146
0.5249451133771906
0.14630135094137864
0.8373910217162485
0.49507297714512444
0.09677490044547377
0.9406171617435397
0.7690643130796952
0.35240885178427384
0.25760196576971806
0.00963223364235799
0.42630162956917983
0.9758375186140565
0.6855737829831076
0.7014022459422887
0.3897598363456769
0.5557016315401949
0.9254996024136345
0.6265295743126232
0.8596418865179651
0.35685212880156136
0.7616653735670756
0.6772924800534325
0.12268581420525315
0.1423154405936825
0.2564800594652029
0.036379437736667075
0.020437710889893324
0.2292694127825342
0.02150812743475561
0.2971791020372745
0.15301982603564535
0.1794023765098659
0.5420328933585008
0.5705519054048287
0.8464597619974855
0.9191660004356467
0.08598646342567451
0.8189521229343544
0.644975232031254
0.006940662411572984
0.7203143860645029
0.4470256617275222
0.8981365906013239
0.34272375726117843
0.64994590783874
0.9027129993310271
0.44065893239605425
0.51793554123282
0.1399763774825269
0.8319216787497324
0.8527959201750492
0.7563452152809355
0.21118165472261274
0.9077562459457069
0.9320796641560687
0.8687170568282946
0.6777064829948769
0.35182363439420317
0.6161352801636715
0.5358417539849191
0.058065879441221435
0.9830111720019131
0.14769896550394168
0.8345440830327474
0.5883824372912076
0.43753967165180474
0.3441125781408221
0.8044486558693759
0.37379611862351914
0.6127931605801743
0.721576497053934
0.0903840918316261
0.7698865946768246
0.8924414879564753
0.27074552027686927
0.9679119013152783
0.03296524743757401
0.039319360324650776
0.607177166544227
0.09447839700532734
0.5644194614944423
0.0542317471738305
0.06441190036600675
0.631893169797229
0.34259101439159745
0.39021795079352817
0.8825963342308889
0.32842371598407105
0.580314785977831
0.07465335381720173
0.25761645564370417
0.07965790643710824
0.001459170148827682
0.4390563686495488
0.54298426935169
0.8296494778972427
0.9949669244219534
0.03997892944532633
0.8666941215308168
0.952166560855677
0.0399848829955306
0.21474653872192861
0.6902178141023294
0.4546347595645126
0.11009442914615197
0.6320935824609459
0.8362831569771
0.5517752150784473
0.6992583551640075
0.4962339396284128
0.9226709018082949
0.3520837113218721
0.10652203316974085
0.5267324906727026
0.894424092479558
0.30663648184093106
0.12904276224989797
0.9171686496631645
0.18639099165422623
0.6422382721051167
0.1543220150197595
0.9620976310059768
0.508039941092405
0.38875713291088665
0.016511581869538938
0.22023540611892345
0.1332265882153909
0.38835359644376344
0.7343336278049662
0.19444034584011494
0.1824864524376213
0.07621500701176909
0.315595701961227
0.6240662726247216
0.9789165241259069
0.7561599790447655
0.8645197130669448
0.32490234454793965
0.09535651118543276
0.09196403301694567
0.8770108093952664
0.07599050335359525
0.654562352361408
0.6795253644582846
0.41762782043087576
0.47045811605036736
0.34713533131051777
0.06689254497279395
0.7762790854290179
0.9938943329250907
0.3609848124277514
0.4255545333515707
0.4548082661054934
0.9929233055088856
0.8770217841785648
0.3799337154252338
0.46542270337486735
0.09277228457766384
0.51347194867791
0.21506366496995344
0.21687207169910516
0.2621215689736587
0.7623879458396949
0.9689404877720917
0.7792526038182048
0.12657768375467926
0.05783597535070406
0.5529104812846226
0.11693309981740863
0.20546046580646282
0.5755285759195763
0.6142374705262788
0.6712199857822544
0.2497331116314968
0.870866050151289
0.9260565597904993
0.48872354217320346
0.5798644215209355
0.5860388845542787
0.5422861036018339
0.49766872214648306
0.32884589958637656
0.36700710110261425
0.028904355857667374
0.2589399062425568
0.5298150395433734
0.8634731668573193
0.2974164387846505
0.8833647661429951
0.606848304436684
0.28071050166182454
0.8086249198096633
0.5835092957401513
0.21068285248808405
0.5802364615294469
0.8998058175550191
0.4565186286295809
0.29376104252585156
0.07944387065751612
0.36623616291870065
0.9867360948738447
0.5273334437695739
0.35510892826959506
0.48003046934519567
0.6196178843991503
0.5737512933343819
0.4629366841689828
0.6874748976019014
0.9883349630757565
0.4133131107731547
0.9024344727585237
0.9244313958604573
0.3727224425072857
0.8359748494057264
0.5243234665774215
0.8966111358952384
0.23564788866945052
0.2816998732973468
0.27899033053652944
0.878904924219115
0.35932449874244965
0.8586082613918384
0.03382732361377272
0.8041339834040334
0.011140326089190133
0.04502623363669944
0.1774412032721454
0.5995911153073779
0.48269770771090525
0.879719749521391
0.8262948407167893
0.9465291875425608
0.5441618212518772
0.6888625270963109
0.002633548937905128
0.7848400577868896
0.5912657368202916
0.6427763641837351
0.18986155542233385
0.5193516557819927
0.6184141038715435
0.3323774977375078
0.32306882980892815
0.20917663085218396
0.17062167586410848
0.9577530632629504
0.07113022753558251
0.567479869076607
0.9207398428993273
0.4098540959943695
0.7659584206318786
0.9432773269332203
0.9526735291770735
0.026560840226266813
0.8452772215908001
0.5630324240086636
0.663979394539446
0.09306361583797207
0.41507373534254244
0.6496110990966871
0.2341148856658577
0.05429414632586238
0.3912496034673911
0.9388425150175135
0.030348180495220922
0.7373237008923494
0.29760423284567217
0.37511580875397277
0.16903657138028327
0.7042212699338597
0.2928507422141503
0.6654276404248348
0.634802064501292
0.3274545499238505
0.6474281739464137
0.10421848087843166
0.3512909670947332
0.571169012126316
0.4403575004093935
0.7264032393469595
0.7039110245853083
0.31197187168157947
0.9953104564496738
0.3657314260693343
0.96429022456486
0.5504708805330323
0.016414352761273232
0.49539628302222716
0.24559957518698594
0.1409375714425214
0.6065134307205859
0.03196439246557237
0.2829669704677329
0.8035483975130444
0.7028942416514914
0.7092030742450316
0.48266657939609303
0.7500281878251591
0.1058870134104486
0.44468612041844646
0.7542305533751757
0.13819560184191737
0.9893595764587805
0.7069091201889126
0.48025468710142316
0.4130701556731595
0.9470865784245462
0.18387236776228677
0.505465726293422
0.354456382731965
0.07463727492109229
0.9822814159297002
0.3582616552293244
0.46830289758831734
0.7650761196129606
0.0799067083794357
0.23807436315870611
0.6925648869335554
0.535484808549139
0.9503732120285238
0.8157229290856075
0.9147339316764501
0.251795805925352
0.7831105758757524
0.17654941986061912
0.16991668252180858
0.9092443535635069
0.3987859923600733
0.3715658289954815
0.2376659052161848
0.09929333996768719
0.5010941356318348
0.37896201575756905
0.5265893500220422
0.5650053486600527
0.8241527599966603
0.6810320808389276
0.655878307048776
0.3067871327001065
0.08248371115399411
0.14064432321128773
0.02327145940473796
0.8684359607465972
0.46748154465005454
0.6292613094604653
0.8555883326549945
0.19044586043077438
0.3719570647676752
0.17816731788308193
0.5504622627991193
0.8623424381429999
0.5813629946938458
0.8353445423265276
0.7720131259433917
0.5864623385196317
0.6179359621942873
0.8409005990197606
0.355811193549766
0.9992113500817762
0.6610924850412694
0.721228935973858
0.4738993237354483
0.014806348869606523
0.5949634717952236
0.14292305877621847
0.7296797589531223
0.7425174807212174
0.4641822560744875
0.054147936704355026
0.3867607456874562
0.06750443530490147
0.9690927459349729
0.5368636069324267
0.8223855569359758
0.0190064256028174
0.22472674385879654
0.14354586042052364
0.47723306272310306
0.11752278084341616
0.841771936844918
0.9657564234047983
0.11395632349679585
0.04156021427385426
0.781130180950737
0.41216546721622904
0.5258719434951767
0.753083397869403
0.024686291554793294
